{
  "advancedEditorSelectedIdentifier" : "ShaderGraphEditorPluginID",
  "openSceneRelativePaths" : [
    "Scene.usda",
    "Materials\/GridMaterial.usda"
  ],
  "recentIdentifiers" : {
    "90C576A0-F90A-43B8-9998-14918A66F863" : [

    ]
  },
  "sceneCameraHistory" : {
    "90C576A0-F90A-43B8-9998-14918A66F863" : [
      {
        "date" : 724403537.420159,
        "title" : "Untitled",
        "transform" : [
          0.9768086,
          1.8139361e-09,
          -0.21411432,
          0,
          -0.09220661,
          0.90252286,
          -0.42065474,
          0,
          0.19324307,
          0.43064192,
          0.8815921,
          0,
          0.34061876,
          0.50893664,
          1.8290529,
          1
        ]
      },
      {
        "date" : 724403459.278939,
        "title" : "Untitled",
        "transform" : [
          0.9768086,
          1.8139361e-09,
          -0.21411432,
          0,
          -0.09220661,
          0.90252286,
          -0.42065474,
          0,
          0.19324307,
          0.43064192,
          0.8815921,
          0,
          0.21583071,
          0.37707412,
          1.9208186,
          1
        ]
      },
      {
        "date" : 724403422.334381,
        "title" : "Untitled",
        "transform" : [
          0.9768086,
          1.8139361e-09,
          -0.21411432,
          0,
          -0.09220661,
          0.90252286,
          -0.42065474,
          0,
          0.19324307,
          0.43064192,
          0.8815921,
          0,
          0.3090929,
          0.3421713,
          1.9174252,
          1
        ]
      },
      {
        "date" : 724403402.563844,
        "title" : "Untitled",
        "transform" : [
          0.9768086,
          1.8139361e-09,
          -0.21411432,
          0,
          -0.09220661,
          0.90252286,
          -0.42065474,
          0,
          0.19324307,
          0.43064192,
          0.8815921,
          0,
          0.32076183,
          0.32036328,
          1.9255202,
          1
        ]
      },
      {
        "date" : 724403390.787292,
        "title" : "Untitled",
        "transform" : [
          0.9768086,
          1.8139361e-09,
          -0.21411432,
          0,
          -0.09220661,
          0.90252286,
          -0.42065474,
          0,
          0.19324307,
          0.43064192,
          0.8815921,
          0,
          0.35438755,
          0.96153456,
          1.6049486,
          1
        ]
      },
      {
        "date" : 724403383.434839,
        "title" : "Untitled",
        "transform" : [
          0.9768086,
          1.8139361e-09,
          -0.21411432,
          0,
          -0.09220661,
          0.90252286,
          -0.42065474,
          0,
          0.19324307,
          0.43064192,
          0.8815921,
          0,
          0.06548931,
          0.31772465,
          0.2869681,
          1
        ]
      },
      {
        "date" : 724403380.285168,
        "title" : "Untitled",
        "transform" : [
          0.9768086,
          1.8139361e-09,
          -0.21411432,
          0,
          -0.09220661,
          0.90252286,
          -0.42065474,
          0,
          0.19324307,
          0.43064192,
          0.8815921,
          0,
          0.057254672,
          0.34939635,
          0.27330208,
          1
        ]
      },
      {
        "date" : 724403289.09671,
        "title" : "Untitled",
        "transform" : [
          0.9768086,
          -1.3160937e-09,
          -0.21411432,
          0,
          -0.09220661,
          0.90252286,
          -0.42065477,
          0,
          0.19324307,
          0.43064195,
          0.8815921,
          0,
          1.7257369,
          1.694494,
          9.668688,
          1
        ]
      },
      {
        "date" : 724403221.469363,
        "title" : "Untitled",
        "transform" : [
          0.9768086,
          -1.3160937e-09,
          -0.21411432,
          0,
          -0.09220661,
          0.90252286,
          -0.42065477,
          0,
          0.19324307,
          0.43064195,
          0.8815921,
          0,
          1.6354712,
          2.5787838,
          9.256512,
          1
        ]
      },
      {
        "date" : 724403086.203584,
        "title" : "Untitled",
        "transform" : [
          0.9768086,
          -1.3160937e-09,
          -0.21411432,
          0,
          -0.09220661,
          0.90252286,
          -0.42065477,
          0,
          0.19324307,
          0.43064195,
          0.8815921,
          0,
          1.9044861,
          1.743815,
          9.605411,
          1
        ]
      }
    ],
    "D5D43DB0-8472-4C5D-BD50-1870EA741C98" : [
      {
        "date" : 724294577.144721,
        "title" : "Untitled",
        "transform" : [
          0.99999994,
          0,
          -0,
          0,
          -0,
          0.8660254,
          -0.49999994,
          0,
          0,
          0.49999994,
          0.8660254,
          0,
          -1.490116e-08,
          0.06326729,
          0.12721232,
          1
        ]
      },
      {
        "date" : 724294499.884557,
        "title" : "Untitled",
        "transform" : [
          0.99999994,
          0,
          0,
          0,
          0,
          0.8660254,
          -0.49999994,
          0,
          0,
          0.49999994,
          0.8660254,
          0,
          0,
          0.1992245,
          0.34506696,
          1
        ]
      },
      {
        "date" : 724294454.623707,
        "title" : "Untitled",
        "transform" : [
          0.99999994,
          0,
          -0,
          0,
          -0,
          0.8660254,
          -0.49999994,
          0,
          0,
          0.49999994,
          0.8660254,
          0,
          0,
          0.21424435,
          0.3710821,
          1
        ]
      }
    ]
  },
  "selectedSceneRelativePath" : "Scene.usda"
}